[gd_scene load_steps=11 format=3 uid="uid://lljxnrty2vys"]

[ext_resource type="Script" path="res://scenes/scenelet_trigger.gd" id="1_mphm2"]
[ext_resource type="Resource" path="res://data/characters/chapter1_happy_birthday.dtl" id="2_05rmo"]
[ext_resource type="PackedScene" uid="uid://d14liay6aujk5" path="res://scenes/levels/scenelet_chapter_2.tscn" id="3_ighq0"]
[ext_resource type="PackedScene" uid="uid://q8dnube0t51j" path="res://scenes/actors/joaquim.tscn" id="4_33317"]
[ext_resource type="PackedScene" uid="uid://bja3q26jutghx" path="res://scenes/actors/lilith.tscn" id="5_2p3hd"]
[ext_resource type="PackedScene" uid="uid://gpq5v5lkhhob" path="res://scenes/actors/tom.tscn" id="6_plnwa"]
[ext_resource type="PackedScene" uid="uid://txpi01erx1mq" path="res://scenes/actors/dave.tscn" id="7_kpvy4"]
[ext_resource type="PackedScene" uid="uid://ce3tbwh3wfxba" path="res://scenes/actors/mickey.tscn" id="8_0qm05"]
[ext_resource type="PackedScene" uid="uid://b1ak03fnbwd4g" path="res://assets/models/props/cake.glb" id="9_olqcm"]

[sub_resource type="SphereShape3D" id="SphereShape3D_85lvf"]
radius = 1.33716

[node name="scenelet_chapter1" type="Area3D" node_paths=PackedStringArray("participants")]
transform = Transform3D(1, 0, 0, 0, 1, 0, 0, 0, 1, 2.92831, 0.522123, 15.1179)
collision_layer = 256
collision_mask = 0
script = ExtResource("1_mphm2")
timeline_file = ExtResource("2_05rmo")
participants = [NodePath("joaquim"), NodePath("lilith"), NodePath("tom"), NodePath("dave"), NodePath("mickey")]
next_scenelet = ExtResource("3_ighq0")
autoplay = true
is_oneshot = true
switch_on_finished = true
use_fade_to_black = true

[node name="collision_shape_3d" type="CollisionShape3D" parent="."]
transform = Transform3D(1, 0, 0, 0, 1, 0, 0, 0, 1, 0, -3.14338, 0.332539)
shape = SubResource("SphereShape3D_85lvf")

[node name="joaquim" parent="." instance=ExtResource("4_33317")]
transform = Transform3D(1, 0, 0, 0, 1, 0, 0, 0, 1, 0.366136, -0.192811, -0.611461)
animation = ""

[node name="lilith" parent="." instance=ExtResource("5_2p3hd")]
transform = Transform3D(0.848122, 0, 0.529801, 0, 1, 0, -0.529801, 0, 0.848122, -0.419602, -0.245234, -0.31176)
animation = ""

[node name="Skeleton3D" parent="lilith/rig" index="0"]
bones/0/position = Vector3(-0.0156127, 0.507128, -0.0322274)
bones/0/rotation = Quaternion(0.121324, 0.262833, -0.0333344, 0.956603)
bones/1/rotation = Quaternion(-0.0666436, 0.00105029, 0.0162559, 0.997644)
bones/2/rotation = Quaternion(-0.0767875, -0.143204, -0.0101228, 0.986658)
bones/3/rotation = Quaternion(0.00157966, 0.100792, 0.00339229, 0.9949)
bones/4/rotation = Quaternion(0.200473, -0.110096, 0.0194169, 0.9733)
bones/5/rotation = Quaternion(-0.094835, 0.0217142, -0.00206833, 0.995254)
bones/6/rotation = Quaternion(-0.113756, -0.0659774, 0.120446, 0.983971)
bones/8/rotation = Quaternion(-0.228879, 0.462635, -0.753008, 0.408121)
bones/8/scale = Vector3(1, 1, 1)
bones/9/rotation = Quaternion(1.77063e-07, 0.0156909, -4.89785e-08, 0.999877)
bones/10/rotation = Quaternion(0.616107, 0.0156918, -0.0122781, 0.78741)
bones/11/rotation = Quaternion(2.42353e-07, 0.284176, 2.97533e-07, 0.958772)
bones/12/rotation = Quaternion(0.133792, 0.284917, -0.107252, 0.94309)
bones/13/rotation = Quaternion(-0.605155, 0.345862, 0.356134, 0.622363)
bones/13/scale = Vector3(1, 1, 1)
bones/14/rotation = Quaternion(-0.195017, 0.637181, -0.603513, -0.437883)
bones/14/scale = Vector3(1, 1, 1)
bones/15/rotation = Quaternion(1.33454e-07, 0.0566518, 1.608e-08, 0.998394)
bones/16/rotation = Quaternion(0.591609, 0.0566518, -0.0417307, 0.803149)
bones/17/rotation = Quaternion(-5.7948e-08, -0.269508, 3.93763e-07, 0.962998)
bones/18/rotation = Quaternion(-0.00983463, -0.269773, 0.385514, 0.88233)
bones/18/scale = Vector3(1, 1, 1)
bones/19/rotation = Quaternion(-0.152455, -0.793331, -0.285504, 0.515627)
bones/19/scale = Vector3(1, 1, 1)
bones/20/rotation = Quaternion(-0.152455, 0.793331, 0.285504, 0.515627)
bones/20/scale = Vector3(1, 1, 1)
bones/21/rotation = Quaternion(0.565815, -0.0209656, 0.00230302, 0.824262)
bones/21/scale = Vector3(1, 1, 0.999994)
bones/22/rotation = Quaternion(2.65351e-07, -0.016821, 8.42927e-09, 0.999858)
bones/23/rotation = Quaternion(0.909248, -0.0166945, 0.0366391, 0.414302)
bones/24/rotation = Quaternion(-1.80009e-07, 0.167054, 2.55595e-09, 0.985948)
bones/25/rotation = Quaternion(-0.349324, 0.166596, -0.158348, 0.908374)
bones/25/scale = Vector3(1, 1, 1)
bones/26/rotation = Quaternion(-2.09368e-05, 0.997646, -0.0685754, -0.00058515)
bones/26/scale = Vector3(1, 1, 1)
bones/27/rotation = Quaternion(0.627764, 0.0915219, -0.0106974, 0.772931)
bones/27/scale = Vector3(1, 1, 0.999994)
bones/28/rotation = Quaternion(-1.47607e-07, 0.0432836, -1.29182e-08, 0.999063)
bones/29/rotation = Quaternion(0.801899, 0.0434256, -0.058726, 0.592979)
bones/30/rotation = Quaternion(9.36658e-08, -0.254581, 2.695e-08, 0.967051)
bones/31/rotation = Quaternion(-0.643953, -0.254187, 0.100639, 0.714552)
bones/31/scale = Vector3(1, 1, 1)
bones/32/rotation = Quaternion(3.3487e-05, 0.997656, -0.0684268, 0.00058426)
bones/32/scale = Vector3(1, 1, 1)

[node name="head" parent="lilith/rig/Skeleton3D" index="1"]
transform = Transform3D(0.965317, -0.23745, 0.108543, 0.236351, 0.971394, 0.0230666, -0.110915, 0.00338772, 0.993824, 0.00288869, 1.01175, 0.0160127)

[node name="mouth" parent="lilith/rig/Skeleton3D/head" index="0"]
transform = Transform3D(1, -3.72529e-08, -2.98023e-08, 5.21541e-08, 1, -2.23517e-08, 0, -7.45058e-09, 1, 0.140365, -0.0192728, 0.156227)

[node name="torso" parent="lilith/rig/Skeleton3D" index="2"]
transform = Transform3D(0.859616, 0.127551, 0.494765, 6.70552e-08, 0.968339, -0.24964, -0.510941, 0.214594, 0.832399, -0.0156127, 0.507128, -0.0322274)

[node name="tom" parent="." instance=ExtResource("6_plnwa")]
transform = Transform3D(0.508951, 0, 0.860795, 0, 1, 0, -0.860795, 0, 0.508951, -0.444957, -0.156663, 0.729715)
animation = ""

[node name="dave" parent="." instance=ExtResource("7_kpvy4")]
transform = Transform3D(0.628968, 0, -0.777431, 0, 1, 0, 0.777431, 0, 0.628968, 0.989108, -0.124777, -0.249604)
animation = ""

[node name="mickey" parent="." instance=ExtResource("8_0qm05")]
transform = Transform3D(0.0522314, 0, -0.998635, 0, 1, 0, 0.998635, 0, 0.0522314, 1.06748, -0.12628, 0.597816)
animation = ""

[node name="cake" parent="." instance=ExtResource("9_olqcm")]
transform = Transform3D(1, 0, 0, 0, 1, 0, 0, 0, 1, 0.335004, 0.559299, 0.374475)

[editable path="lilith"]
